Iteration,Score,Improvement,Best Score So Far,Prompt Length,Prompt Change Size,Edge Case Count,Timestamp
1,0.6,0.0,0.6,373,0,2,2025-05-08 12:41:09
2,0.76,0.16000000000000003,0.76,1841,1468,1,2025-05-08 12:41:55
3,0.6666666666666666,-0.09333333333333338,0.76,2569,728,2,2025-05-08 12:42:51
4,0.72,0.053333333333333344,0.76,2913,344,1,2025-05-08 12:43:45
5,0.7266666666666667,0.00666666666666671,0.76,3443,530,1,2025-05-08 12:44:30
6,0.6799999999999999,-0.046666666666666745,0.76,4299,856,1,2025-05-08 12:45:25
7,0.72,0.040000000000000036,0.76,4810,511,1,2025-05-08 12:46:29
8,0.5411111111111111,-0.17888888888888888,0.76,5247,437,2,2025-05-08 12:47:28
9,0.8099999999999999,0.26888888888888884,0.8099999999999999,2567,-2680,1,2025-05-08 12:48:13
10,0.5944444444444444,-0.2155555555555555,0.8099999999999999,2915,348,2,2025-05-08 12:49:05
11,0.6799999999999999,0.0855555555555555,0.8099999999999999,3021,106,2,2025-05-08 12:49:51
12,0.76,0.08000000000000007,0.8099999999999999,3560,539,1,2025-05-08 12:50:54
13,0.72,-0.040000000000000036,0.8099999999999999,3712,152,1,2025-05-08 12:51:54
14,0.7828571428571428,0.06285714285714283,0.8099999999999999,4878,1166,0,2025-05-08 12:52:40
15,0.7666666666666667,-0.01619047619047609,0.8099999999999999,4176,-702,1,2025-05-08 12:53:36
16,0.5599999999999999,-0.20666666666666678,0.8099999999999999,4866,690,2,2025-05-08 12:54:37
17,0.76,0.20000000000000007,0.8099999999999999,2941,-1925,1,2025-05-08 12:55:23
18,0.5900000000000001,-0.16999999999999993,0.8099999999999999,3395,454,2,2025-05-08 12:56:05
19,0.6799999999999999,0.08999999999999986,0.8099999999999999,3108,-287,2,2025-05-08 12:56:53
20,0.8400000000000001,0.16000000000000014,0.8400000000000001,3897,789,1,2025-05-08 12:57:36
