Iteration,Score,Improvement,Best Score So Far,Prompt Length,Prompt Change Size,Edge Case Count,Timestamp
1,0.5599999999999999,0.0,0.5599999999999999,373,0,2,2025-05-08 02:09:17
2,0.6799999999999999,0.12,0.6799999999999999,2232,1859,2,2025-05-08 02:09:57
3,0.76,0.08000000000000007,0.76,2524,292,1,2025-05-08 02:10:44
4,0.76,0.0,0.76,3223,699,1,2025-05-08 02:11:22
5,0.8,0.040000000000000036,0.8,3672,449,1,2025-05-08 02:12:14
6,0.6799999999999999,-0.1200000000000001,0.8,4921,1249,2,2025-05-08 02:13:04
7,0.6799999999999999,0.0,0.8,4991,70,2,2025-05-08 02:13:52
8,0.6799999999999999,0.0,0.8,5221,230,2,2025-05-08 02:14:35
9,0.6,-0.07999999999999996,0.8,4552,-669,2,2025-05-08 02:15:44
10,0.64,0.040000000000000036,0.8,4558,6,1,2025-05-08 02:16:33
11,0.6799999999999999,0.039999999999999925,0.8,4824,266,2,2025-05-08 02:17:11
12,0.64,-0.039999999999999925,0.8,4803,-21,1,2025-05-08 02:17:55
13,0.5599999999999999,-0.08000000000000007,0.8,4374,-429,2,2025-05-08 02:18:44
14,0.72,0.16000000000000003,0.8,4037,-337,1,2025-05-08 02:19:28
15,0.6799999999999999,-0.040000000000000036,0.8,4413,376,2,2025-05-08 02:20:11
16,0.6799999999999999,0.0,0.8,4634,221,2,2025-05-08 02:20:56
17,0.6799999999999999,0.0,0.8,4512,-122,2,2025-05-08 02:21:44
18,0.6799999999999999,0.0,0.8,4599,87,2,2025-05-08 02:22:28
19,0.68,1.1102230246251565e-16,0.8,4412,-187,1,2025-05-08 02:23:15
20,0.6799999999999999,-1.1102230246251565e-16,0.8,4320,-92,2,2025-05-08 02:24:01
