Iteration,Score,Improvement,Best Score So Far,Prompt Length,Prompt Change Size,Edge Case Count,Timestamp
1,0.72,0.0,0.72,373,0,1,2025-05-08 12:59:31
2,0.6799999999999999,-0.040000000000000036,0.72,1562,1189,1,2025-05-08 13:00:12
3,0.8,0.1200000000000001,0.8,2527,965,1,2025-05-08 13:00:56
4,0.8,0.0,0.8,3244,717,1,2025-05-08 13:01:35
5,0.72,-0.08000000000000007,0.8,3908,664,1,2025-05-08 13:02:33
6,0.64,-0.07999999999999996,0.8,2935,-973,2,2025-05-08 13:03:19
7,0.5599999999999999,-0.08000000000000007,0.8,3306,371,2,2025-05-08 13:04:08
8,0.72,0.16000000000000003,0.8,3372,66,1,2025-05-08 13:04:58
9,0.8,0.08000000000000007,0.8,3979,607,1,2025-05-08 13:05:50
10,0.72,-0.08000000000000007,0.8,4262,283,1,2025-05-08 13:06:34
11,0.62,-0.09999999999999998,0.8,3214,-1048,1,2025-05-08 13:07:29
12,0.72,0.09999999999999998,0.8,3037,-177,1,2025-05-08 13:08:12
13,0.72,0.0,0.8,3576,539,1,2025-05-08 13:08:55
14,0.8,0.08000000000000007,0.8,3974,398,1,2025-05-08 13:09:43
15,0.6199999999999999,-0.18000000000000016,0.8,4354,380,2,2025-05-08 13:10:43
16,0.72,0.10000000000000009,0.8,2895,-1459,2,2025-05-08 13:11:26
17,0.6799999999999999,-0.040000000000000036,0.8,3051,156,2,2025-05-08 13:12:10
18,0.72,0.040000000000000036,0.8,4118,1067,1,2025-05-08 13:12:50
19,0.76,0.040000000000000036,0.8,3625,-493,1,2025-05-08 13:13:32
20,0.5599999999999999,-0.20000000000000007,0.8,3917,292,2,2025-05-08 13:14:07
