Iteration,Score,Improvement,Best Score So Far,Prompt Length,Prompt Change Size,Edge Case Count,Timestamp
1,0.72,0.0,0.72,373,0,1,2025-05-08 11:47:57
2,0.6799999999999999,-0.040000000000000036,0.72,2293,1920,2,2025-05-08 11:48:47
3,0.52,-0.15999999999999992,0.72,3242,949,3,2025-05-08 11:49:40
4,0.76,0.24,0.76,4164,922,1,2025-05-08 11:50:29
5,0.76,0.0,0.76,4719,555,1,2025-05-08 11:51:15
6,0.64,-0.12,0.76,4992,273,2,2025-05-08 11:52:17
7,0.8800000000000001,0.2400000000000001,0.8800000000000001,5044,52,0,2025-05-08 11:53:11
8,0.64,-0.2400000000000001,0.8800000000000001,4564,-480,2,2025-05-08 11:54:04
9,0.64,0.0,0.8800000000000001,4706,142,2,2025-05-08 11:54:57
10,0.76,0.12,0.8800000000000001,4799,93,1,2025-05-08 11:55:51
11,0.6799999999999999,-0.08000000000000007,0.8800000000000001,4980,181,2,2025-05-08 11:56:47
12,0.8400000000000001,0.16000000000000014,0.8800000000000001,4460,-520,0,2025-05-08 11:57:57
13,0.64,-0.20000000000000007,0.8800000000000001,4098,-362,2,2025-05-08 11:58:48
14,0.6799999999999999,0.039999999999999925,0.8800000000000001,4549,451,2,2025-05-08 11:59:41
15,0.96,0.28,0.96,4550,1,0,2025-05-08 12:00:33
