Iteration,Score,Improvement,Best Score So Far,Prompt Length,Prompt Change Size,Edge Case Count,Timestamp
1,0.5905555555555555,0.0,0.5905555555555555,373,0,2,2025-05-07 20:09:42
2,0.615,0.02444444444444449,0.615,1248,875,1,2025-05-07 20:10:48
3,0.47833333333333333,-0.13666666666666666,0.615,1896,648,2,2025-05-07 20:11:34
4,0.72,0.24166666666666664,0.72,2104,208,1,2025-05-07 20:12:29
5,0.7288888888888889,0.008888888888888946,0.7288888888888889,3544,1440,2,2025-05-07 20:13:15
6,0.64,-0.0888888888888889,0.7288888888888889,4303,759,2,2025-05-07 20:14:08
7,0.3983333333333333,-0.2416666666666667,0.7288888888888889,4417,114,2,2025-05-07 20:15:17
8,0.5183333333333333,0.12,0.7288888888888889,4155,-262,2,2025-05-07 20:16:08
9,0.8857142857142858,0.3673809523809525,0.8857142857142858,4181,26,1,2025-05-07 20:17:03
10,0.8222222222222222,-0.0634920634920636,0.8857142857142858,4122,-59,1,2025-05-07 20:17:53
11,0.5599999999999999,-0.26222222222222225,0.8857142857142858,4193,71,2,2025-05-07 20:19:11
12,0.8,0.2400000000000001,0.8857142857142858,4182,-11,1,2025-05-07 20:20:14
13,0.6599999999999999,-0.14000000000000012,0.8857142857142858,4272,90,1,2025-05-07 20:21:32
14,0.6199999999999999,-0.040000000000000036,0.8857142857142858,4191,-81,2,2025-05-07 20:22:34
15,0.5733333333333335,-0.04666666666666641,0.8857142857142858,4283,92,1,2025-05-07 20:23:32
16,0.5155555555555555,-0.05777777777777793,0.8857142857142858,4231,-52,2,2025-05-07 20:24:35
17,0.8164285714285715,0.30087301587301596,0.8857142857142858,4208,-23,0,2025-05-07 20:25:52
18,0.64,-0.1764285714285715,0.8857142857142858,4268,60,2,2025-05-07 20:26:44
19,0.585,-0.05500000000000005,0.8857142857142858,4271,3,1,2025-05-07 20:27:41
20,0.5599999999999999,-0.025000000000000022,0.8857142857142858,4263,-8,2,2025-05-07 20:29:01
